1 9459 15 17121
965 9114 3 16822
276 8400 21 17478
194 8587 20 18367
522 8901 22 19120
474 8994 23 19082
326 9903 14 18846
619 11303 25 19717
696 11506 9 19253
569 11933 0 19546
779 11852 0 20722
467 12156 5 21610
312 11241 4 21708
781 11064 14 20263
222 10289 9 20255
567 9756 20 21147
320 9869 10 21771
698 9082 8 20995
664 9061 10 20880
506 8114 17 21775
970 7964 26 20761
486 6794 2 20646
229 7493 22 21774
660 8513 22 22431
727 8925 16 22158
972 9173 4 22858
736 10560 17 22777
920 11166 24 22798
688 10678 9 23595
904 11409 20 23567
77 11335 14 24148
791 11022 24 24301
314 10699 15 24675
373 9758 29 25246
201 9185 26 25256
285 8483 16 25940
652 9151 15 26459
987 9237 28 26560
843 9484 27 25764
546 10079 23 26097
634 10474 13 26730
974 10701 25 26452
325 10643 20 26301
754 11279 23 25852
191 11534 7 25926
979 12247 28 26977
12 11941 29 27016
717 11827 14 27950
130 11746 18 28602
621 12340 10 29019
270 12644 8 28652
264 13172 8 27733
723 13618 15 27958
829 13804 0 27971
799 14229 8 28609
231 14840 9 28561
705 16713 23 27362
521 16715 3 26735
817 15163 26 27127
641 14915 7 27555
33 14134 22 27319
824 13438 26 26454
743 13280 21 26365
182 13054 27 26145
39 14135 18 26032
960 14296 26 25628
304 13748 1 24981
942 13404 5 24870
294 13106 25 24384
706 12424 2 25154
170 11781 21 24420
171 11779 24 23384
95 12569 20 22820
571 12228 14 22393
161 12736 25 21738
697 13163 6 21127
502 13042 22 20634
102 14176 27 20689
164 14724 8 21595
993 14170 15 21749
122 13773 26 22426
746 13989 4 23761
648 14316 28 24122
89 14378 21 24040
495 15032 17 23744
863 15175 3 23037
925 15209 8 22456
992 15029 24 21284
718 15333 9 21663
397 15927 5 21706
46 16218 3 20745
691 14937 7 20219
297 15205 16 19672
274 15318 8 19082
41 14477 26 18905
748 13319 12 18739
496 13942 3 18619
216 14846 4 17964
306 15377 26 17602
313 15033 9 17211
160 15081 3 16490
744 14079 26 16733
444 13450 11 16000
24 13439 28 15578
504 14328 10 15163
674 14684 4 15135
423 15037 0 15287
84 15002 10 15139
244 14980 5 14981
327 15395 7 14835
599 16310 22 15052
271 16400 21 15013
221 16914 8 15055
119 16739 21 13458
437 17354 12 14148
278 17768 7 14358
598 18064 16 14517
17 18057 28 15321
26 19380 4 14895
151 19086 10 14391
205 18787 6 14323
454 19051 19 14122
395 19333 4 13921
125 20519 27 14352
612 21299 8 13920
393 20943 3 13831
350 20159 22 13768
307 20022 26 12980
986 19768 16 12330
541 18874 21 12879
128 18475 25 13195
247 18317 26 12979
19 17877 16 12823
837 17869 21 11861
163 17583 18 11870
669 17604 4 11773
857 17713 22 11407
733 17572 21 11201
876 16747 11 11356
261 16044 19 11845
475 15458 4 11880
550 15431 0 12171
32 15103 1 12678
887 14789 1 12734
436 14997 20 13762
138 13904 25 14606
439 13647 22 13590
212 13114 18 13681
694 12506 13 14220
48 12030 22 14615
918 12120 26 14954
60 11916 29 14927
924 11446 26 14486
411 12160 7 13090
482 12369 10 12215
485 12372 22 12142
230 11934 2 11755
865 12607 17 11492
112 12702 3 12249
508 13452 3 12659
6 13952 2 13059
202 13744 26 12181
629 14712 2 11729
209 14200 11 11103
752 12803 16 10188
671 12447 14 9899
371 12110 23 9800
662 11834 10 9906
786 11043 2 9618
357 10212 19 9717
579 9438 26 9477
606 9067 10 9252
813 8594 3 8705
87 8771 12 8514
2 8550 7 7907
716 8827 20 7810
381 9331 1 7236
995 9488 27 7084
687 8714 22 7082
28 8777 14 6872
819 8721 6 6546
947 9102 13 5979
460 7993 26 6540
523 6996 20 6878
934 6505 26 7179
653 6101 1 7575
203 5600 11 7310
869 5486 21 6924
639 5365 28 7173
968 4909 26 7235
681 3660 0 6763
983 2355 11 6868
456 2081 4 6793
106 2284 23 6091
939 2275 12 5442
378 1678 3 6006
309 1075 25 5639
856 1070 3 4415
364 369 21 3279
54 1060 0 3042
37 1176 21 3030
354 1006 23 2577
938 1045 29 2381
578 1278 23 1575
890 913 15 1297
426 136 4 783
921 186 19 621
917 959 27 230
376 2327 4 459
431 3231 27 1576
940 3747 3 1460
561 3356 27 1725
4 3416 6 1866
761 2619 2 2293
665 2160 21 2233
382 2908 24 2623
557 2903 12 3026
740 2659 14 3217
447 2130 9 3500
236 2437 17 3738
375 2733 19 4019
489 2984 21 3813
407 3435 5 3954
912 3248 25 4566
470 3440 1 5058
884 3436 7 5238
295 3949 10 5704
852 4944 17 5748
997 4563 0 4848
11 4777 18 4185
66 5081 4 4528
96 5526 8 5091
316 5945 3 4863
861 6234 26 4889
565 5908 2 5575
38 6273 2 5804
384 6868 18 5411
422 7308 1 5656
896 7769 25 5679
308 8657 0 4566
154 8749 14 3887
360 7819 13 4458
680 7537 10 3735
719 8103 15 3509
536 8105 0 2842
553 8495 10 3088
195 9153 0 3126
462 9415 23 3012
844 8286 19 2228
190 7164 19 2296
556 6983 12 2157
514 7019 14 1981
273 6527 19 1776
745 6326 11 1569
583 5977 8 2223
394 5543 11 2199
544 5059 18 2223
853 5041 16 1665
762 5112 15 1380
178 4819 11 616
76 3816 11 138
59 5671 14 124
533 7490 11 422
616 8137 2 292
796 8837 15 1020
110 10317 29 871
213 11242 22 1239
580 12512 17 1222
184 12676 20 803
409 13083 4 4
870 13459 6 894
798 13576 27 1756
552 12882 22 2038
238 13686 18 2162
143 13778 28 2165
628 14935 25 1680
451 15529 28 2033
49 15669 28 3417
9 14450 29 3264
530 14089 9 2677
82 13773 14 3460
268 13351 17 3812
158 13253 8 3760
432 12354 11 3132
242 11782 13 3495
391 11717 24 3555
498 11913 6 2767
593 11711 0 2448
932 11524 9 2540
713 10548 2 2729
3 10794 16 2879
923 10827 6 3567
601 10333 20 3979
147 11267 1 5099
410 12188 22 4431
775 12877 0 4362
356 12919 22 5042
525 12882 21 6010
418 12472 24 6178
20 11772 4 6489
490 11705 2 7630
913 11606 26 7759
710 11515 2 7861
341 12113 4 8058
784 13144 8 8145
937 12610 19 7211
211 13244 19 7411
22 14023 19 7017
494 14639 24 7225
700 14655 22 6927
768 14633 0 6477
826 13990 15 6341
214 14087 14 5075
864 13939 1 4580
929 14314 9 4451
749 14851 4 4383
45 15032 23 3930
390 15118 14 3909
453 15384 18 4209
868 16125 27 4534
812 16442 23 4398
542 16869 10 4406
797 16975 24 4917
816 16604 5 4592
162 15960 22 4891
832 15562 2 5313
725 15939 4 5495
658 15984 21 6134
348 15943 0 6786
241 17223 6 5953
823 17167 15 5459
512 17859 11 5418
472 18443 3 4373
595 18003 9 3865
820 18009 5 3529
120 18182 0 2951
284 17356 15 1915
594 18817 18 1278
131 18639 6 1126
751 18320 22 106
468 18951 19 623
842 19540 4 524
121 21343 3 400
328 20547 4 1837
548 19800 4 2525
111 20144 26 2478
804 20889 28 2364
592 21020 1 2826
963 21925 12 3343
964 22183 23 2256
361 23136 6 1903
103 23219 6 1329
914 23477 11 878
91 24295 0 1864
693 24515 17 1313
127 24577 14 249
948 25041 19 698
435 25140 4 643
148 25677 20 181
872 26099 25 1083
841 26206 12 1361
368 27837 19 601
114 28589 20 652
68 29707 19 428
647 29870 27 1179
574 29879 7 1495
296 29188 23 2268
445 29971 10 3428
560 29269 25 3695
735 29285 28 4624
280 28452 13 5073
69 28002 13 5440
415 27677 7 5513
330 27516 2 5075
531 27418 19 4965
289 27281 16 4433
5 27235 1 3637
134 28135 5 2937
292 27477 6 1985
954 26308 17 3091
7 26551 3 3753
21 26830 10 3967
666 26871 28 4173
511 26365 18 4514
72 26318 1 4435
94 25008 29 4196
317 24541 4 4890
100 24413 24 4842
240 24000 10 4932
811 23883 11 4737
332 23962 27 4598
346 23917 25 3678
251 24068 17 3401
732 23677 0 3631
945 23694 14 4672
63 23616 6 5055
369 23325 9 5249
196 23140 15 5927
150 22824 1 5283
825 22787 17 4909
996 22557 22 4947
897 21567 27 5590
848 20981 7 5955
547 20634 0 4702
331 19480 3 4505
845 19883 16 5026
438 19930 17 5030
597 20043 22 5674
253 20529 14 6959
262 20826 12 7637
809 20345 3 7218
640 19444 4 7221
126 18930 7 6537
685 18044 5 7150
290 18238 3 7579
638 17424 19 7515
282 16838 6 8238
774 15718 12 7482
78 15460 5 7666
484 14908 11 8513
711 14301 8 8580
850 14124 1 8833
958 14768 15 9481
461 14876 24 9931
396 15471 16 10313
935 16125 12 10275
879 16672 10 9429
92 17287 2 9841
215 17784 2 9342
603 17749 0 9837
625 18575 13 11462
473 18675 7 11712
962 18898 20 11126
518 19354 8 10718
55 19087 4 10278
605 20212 8 9065
340 20510 1 9027
991 20159 4 10151
448 20605 11 10583
631 20884 9 10235
907 21051 14 10103
246 21708 12 11190
568 22016 12 11166
293 22782 8 10330
777 23209 23 10908
582 23117 24 12293
646 23121 8 12745
88 22557 20 13335
846 22362 20 13333
338 23238 27 14237
704 22861 28 14893
602 22965 25 15342
882 23674 23 15356
188 24597 22 15094
159 24271 26 14760
29 24401 1 13722
51 24286 15 12892
563 24676 10 12718
433 24625 2 12009
703 25584 22 11235
487 25057 9 10695
901 23902 0 10566
367 24009 14 10021
835 23516 27 9681
192 22630 24 8802
141 22636 8 8765
377 22579 12 7495
858 22939 21 7379
166 23249 10 8495
906 25343 28 9474
449 26246 12 8217
450 26233 10 8045
291 25034 0 7550
604 23744 27 7545
15 24364 16 6810
353 24833 23 6017
830 25467 7 6422
973 26700 8 5621
767 27426 28 5997
770 27770 7 6300
155 28008 19 6306
587 29456 22 6240
115 29995 1 6207
198 29672 8 7157
814 29719 18 9167
57 29018 28 9512
351 28130 17 9984
56 28335 2 10188
256 28893 25 9967
8 29935 11 10666
724 29163 10 10950
933 29318 26 11399
478 29198 0 11650
892 28857 28 12296
25 28105 15 12673
476 28393 1 12123
169 28621 29 11959
342 28575 5 11880
975 27924 20 11424
44 27653 4 11374
113 26486 18 9638
421 26285 24 9643
286 25642 20 10629
789 26422 2 10990
406 26335 7 11106
905 25957 4 11737
358 25728 27 12302
807 25279 17 12441
576 25106 24 13393
335 25088 14 13698
827 25265 20 14182
70 25702 15 14834
117 25897 29 14899
613 26397 18 15324
874 26993 5 14539
626 27305 24 14180
928 26886 24 13529
759 27794 2 13933
734 28609 28 13783
157 29497 4 14374
488 29284 10 14770
249 29923 14 15262
980 29367 7 15088
642 28782 11 15232
172 28605 25 15274
927 28706 11 16041
123 28585 14 16650
880 27977 27 16069
65 26711 29 15698
263 25829 19 15622
922 25842 5 15732
14 26330 4 16366
840 25497 24 17318
564 24497 2 17821
254 24146 22 18006
785 24952 17 18046
855 25228 5 18785
764 25272 22 18681
591 26022 27 18198
140 26145 11 18586
233 26748 1 18212
878 27046 2 18037
985 26762 27 18995
189 27089 4 19707
413 27301 25 20802
52 27565 19 20166
156 28381 9 20017
519 28612 2 19466
146 28578 5 18666
1000 28146 29 18557
219 28703 28 18223
818 29547 13 18135
679 29072 8 19120
695 29283 24 19672
611 28661 19 20835
479 28521 28 21229
520 29887 15 21081
408 29330 19 21635
272 28958 17 21472
217 28436 8 21872
981 28708 13 22520
783 27077 6 22045
620 27188 12 22497
747 26946 5 22900
753 26457 15 23166
133 26433 12 23908
218 26934 22 24202
534 26715 14 24315
210 26701 5 24509
458 26869 17 25050
526 26693 14 25290
738 27792 5 25376
47 27767 8 25042
839 29474 20 24344
186 29982 2 24056
875 29275 29 25187
615 29367 12 25216
790 29695 6 25627
893 28976 20 26003
810 28547 9 26049
321 28356 21 25719
365 28209 14 25861
267 27701 8 26311
838 28250 18 26593
400 28966 21 27014
739 29746 21 26942
715 29843 1 26909
168 29922 23 27508
497 28809 27 27404
976 28280 11 27718
224 28867 29 28415
741 29548 13 29090
977 29625 3 29294
334 29526 4 29645
58 28590 18 29960
551 28467 25 29680
75 27792 6 28597
374 27673 20 28316
650 27078 8 28666
501 27117 8 28315
416 27099 17 27391
978 26474 17 27930
994 25976 28 27692
756 25887 6 28027
31 25737 25 27799
176 25448 22 27942
686 25002 11 28220
464 25132 10 28646
98 25112 28 28678
805 24697 20 29914
23 24229 0 29728
600 24096 21 29226
200 21237 6 29847
429 21343 8 29204
946 21134 12 28735
670 21658 16 28530
516 22230 26 28886
545 22264 1 27366
539 23101 25 26736
337 23633 26 26551
596 24183 26 27272
465 24033 18 25829
493 24507 8 26093
984 24816 5 26384
682 25777 4 25935
336 25220 13 25204
951 25386 26 24983
528 25086 28 24412
860 25018 4 23956
908 25362 16 23820
614 25463 18 22861
731 25635 13 22568
787 25650 18 22447
228 24935 23 21973
81 26227 13 21790
339 26377 23 21973
434 26694 27 21867
193 25714 13 19810
883 24785 10 20427
363 24138 4 19507
181 23228 17 19319
258 22099 29 19164
459 21453 28 18813
173 19682 0 19179
966 18525 23 19083
142 20135 24 18032
380 21093 26 18096
676 21623 29 17570
245 21377 29 17124
881 21362 4 17109
199 21945 21 16781
90 22774 20 17308
36 22499 27 16577
442 22798 12 16571
491 22912 6 16356
644 22661 4 16311
175 22689 23 15937
956 21498 28 16084
463 21132 18 15491
97 20268 8 15171
699 20109 12 16023
803 19713 26 16342
955 19890 18 15805
288 19263 9 15275
701 19122 5 15739
452 18869 7 15837
237 17924 15 16591
302 17921 0 16639
428 16414 21 16720
636 16081 13 17713
645 16613 8 17689
949 16477 5 18189
575 17090 1 19056
30 16801 17 19445
815 16863 29 19765
471 17396 26 20440
323 17508 5 21062
329 17176 23 21822
243 17586 23 22327
801 17798 25 22273
319 17884 11 22332
677 18335 20 22536
627 18703 20 21798
234 18730 9 21295
185 18877 8 21215
622 19725 15 20609
998 20273 0 20745
549 18964 20 21689
737 19634 2 21933
755 20091 0 22039
165 20598 24 22187
555 21403 23 21945
766 23051 22 21631
941 23060 28 21605
370 23471 8 21958
392 23884 24 22812
153 24127 7 23920
831 23476 2 23850
124 23215 18 24864
105 22918 27 25567
672 22128 21 25537
187 21468 6 24942
67 21128 19 24723
510 22210 12 24257
483 22617 27 24606
643 22784 12 24108
782 22510 27 23461
109 22266 18 23461
630 21289 29 22995
828 20530 7 22659
352 20034 29 23288
821 19204 0 23532
425 18671 0 23067
729 17749 14 23387
953 17512 3 23522
505 16703 28 23824
952 16343 27 24038
347 17870 24 25160
926 17785 17 26157
414 18298 28 26473
61 18625 21 25673
207 18741 21 25260
260 19198 29 24546
769 19152 16 24234
702 19946 10 24194
73 20252 15 24429
661 20598 12 25556
401 20134 10 25960
886 21006 6 26438
322 21547 8 27234
507 20700 22 27210
466 19982 20 27084
794 19881 19 26875
609 19786 20 26752
537 19190 29 27683
277 19448 11 28159
389 19204 7 28254
632 19707 2 29345
730 19699 23 29489
589 19638 22 29677
220 18831 2 29220
780 18330 9 28028
500 17601 22 28986
971 17437 2 29054
248 17375 25 28744
792 17204 9 28086
420 16621 6 28412
618 16737 25 29077
930 16398 4 29742
499 16098 4 29171
80 15684 27 28976
71 15007 27 29832
311 13950 22 29759
532 13131 0 29827
675 12931 13 29907
931 12613 10 29836
572 12472 1 29235
62 11800 20 29317
477 10824 26 29209
585 10923 14 28567
608 10940 9 27910
757 10717 8 27672
899 10186 0 27296
943 9963 24 27299
446 8861 15 27586
760 9613 28 27747
659 9923 2 28025
427 9974 2 28612
633 9647 23 29723
559 8770 20 29464
588 8902 4 28713
712 7889 19 28494
894 6881 7 28955
581 6682 20 28745
554 6615 9 28927
137 6713 17 28956
909 6725 22 29664
684 5766 3 28923
540 5501 6 29121
35 5730 25 29923
104 4046 27 29958
344 3449 15 29484
355 4492 14 29109
101 4539 0 28934
988 4869 4 27673
208 4062 29 28386
969 3191 24 28167
517 1996 5 28499
847 1420 22 29538
250 1418 5 28429
129 1067 12 28077
118 1906 26 27260
387 1735 22 27078
990 1794 10 26802
283 796 9 26664
590 86 14 26695
85 91 9 26421
849 344 27 26370
895 550 13 25278
83 1291 5 25477
53 1456 4 25989
152 1880 14 25951
877 1966 2 25347
722 2195 18 25715
586 2388 0 25805
709 2848 7 26399
86 2889 15 26055
903 2769 13 25072
538 2784 19 24461
144 3199 21 25137
259 4179 27 25328
776 4134 17 26635
584 4764 24 25877
763 4997 5 25971
266 5338 4 25583
386 5686 0 25610
235 6030 1 26452
527 6333 3 26660
424 6547 19 26485
708 6434 2 26263
657 6494 4 26856
692 6572 21 26880
404 6509 25 27084
707 7381 12 26596
315 7450 6 26486
822 7986 5 26271
509 7629 7 25578
573 7196 24 25244
257 7943 11 23981
492 7975 4 23888
607 7915 3 23240
333 7430 23 22871
145 6704 9 22181
902 6225 19 22774
888 6029 16 24103
714 5562 12 23881
441 3768 14 23584
866 3670 26 23319
795 3589 12 22661
859 4634 11 22929
624 5220 7 22430
318 5745 1 21983
79 6004 1 21386
635 5652 18 21008
27 5915 24 19985
836 4975 10 19865
359 4177 24 20404
93 3319 7 20126
889 3296 18 20269
651 3364 10 20416
34 2946 24 20611
167 2707 3 21018
623 3427 14 21145
227 3211 7 21434
379 2354 2 21843
515 1595 12 22983
239 1003 7 23428
481 612 25 23537
403 29 8 23938
800 1677 12 22642
915 1231 27 22190
678 185 18 22158
232 602 5 21181
174 969 8 20345
206 296 18 19886
656 212 0 19679
654 2324 11 19124
834 3271 20 18845
132 3141 6 18607
936 3032 5 18451
668 2303 9 18359
854 2265 5 17765
40 1263 21 17631
802 1332 20 17523
64 924 4 17178
298 1337 0 16874
99 1241 26 16409
773 107 25 16488
690 189 17 16622
873 390 28 16435
982 1173 15 16043
720 1059 23 15665
728 514 21 15513
204 495 10 15239
197 330 1 14630
299 1396 16 15407
833 1934 17 15096
108 1443 1 14749
279 1162 27 14063
867 1665 1 13624
255 1676 18 13300
301 2145 19 12892
566 1665 25 12655
226 1783 18 12212
349 152 25 11215
405 178 3 9884
287 663 20 9954
455 722 23 9321
116 700 26 9221
961 416 10 8404
765 1478 24 9390
10 1355 10 9739
758 2044 15 10273
300 2096 18 9381
303 2329 13 9213
430 1765 4 9020
900 1713 28 8198
388 2793 21 8463
959 3013 25 8201
443 2947 5 9031
417 3640 22 9443
808 4032 2 8394
469 4536 4 8524
183 5242 25 8632
862 5574 19 8868
673 5339 1 9344
324 4452 0 9330
362 4679 29 9742
372 4975 2 10994
967 4408 25 11833
310 3595 16 11704
721 3642 27 12588
265 3503 27 13114
683 2757 15 12796
345 2684 15 14203
440 3577 3 14402
649 3735 20 14697
385 3743 27 15499
398 3418 19 15531
910 3253 20 16231
18 2998 10 16540
806 2353 9 16668
689 3080 16 16685
149 3549 25 17494
570 4379 12 17383
772 4452 4 18148
139 5130 5 18521
136 5997 2 18873
419 7091 12 19505
919 7609 4 18482
343 6764 28 18125
742 6720 20 18106
180 6692 28 18169
412 6413 18 17736
13 5537 16 17568
891 4972 6 17148
667 5348 10 17001
851 6136 24 16798
898 6528 27 16851
793 6325 4 16449
885 5588 13 14549
655 6151 7 14289
252 5833 23 13525
944 4913 17 13113
223 5666 12 12433
750 5293 17 12127
480 5693 16 11729
281 6511 26 11963
543 6686 10 10818
989 6265 0 10401
269 7057 24 10583
50 7413 23 10754
74 7524 25 9661
457 8087 29 9071
771 8313 7 9097
179 8860 2 9286
177 8710 16 9633
529 8917 0 9757
950 8976 14 10059
957 8854 7 10953
610 8393 3 11667
225 8797 17 11610
503 9236 4 11609
524 9467 4 11265
16 9186 17 11986
558 9207 20 12307
366 10050 13 12074
275 10876 19 12570
617 10991 16 12732
383 10279 4 13170
871 10211 4 13985
778 10167 12 13985
399 9483 21 13590
535 8470 28 13367
107 8076 0 12798
577 7775 24 13288
999 7190 28 13240
788 7638 27 14646
562 8002 15 16138
916 8829 29 15868
513 9001 14 16098
402 10139 7 16007
637 10929 13 14972
43 11120 20 15209
911 11584 9 15941
663 11459 10 16285
726 11902 2 16841
135 10997 28 16862
42 10883 17 17360
305 10290 10 18012
1 9459  15  17121
